IMG_8327,0
IMG_8328,1
IMG_8329,2
IMG_8330,3
IMG_8331,4
IMG_8332,5
IMG_8333,6
IMG_8334,7
IMG_8335,8
IMG_8336,9
IMG_8337,10
IMG_8338,11
IMG_8339,12
IMG_8340,13
IMG_8341,14
IMG_8342,15
IMG_8343,16
IMG_8344,17
IMG_8345,18
IMG_8346,19
IMG_8347,20
IMG_8348,21
IMG_8349,22
IMG_8350,23
IMG_8351,24
IMG_8352,25
IMG_8353,25
IMG_8354,26
IMG_8355,27
IMG_8356,28
IMG_8357,29
IMG_8358,30
IMG_8359,40
IMG_8360,50
IMG_8361,60
IMG_8362,70
IMG_8363,80
IMG_8364,90
IMG_8367,100
IMG_8368,101
IMG_8369,102
IMG_8370,200
IMG_8371,300
IMG_8372,400
IMG_8373,500
IMG_8374,600
IMG_8375,700
IMG_8376,800
IMG_8377,900
IMG_8378,1000
IMG_8379,2000
IMG_8380,3000
IMG_8381,4000
IMG_8382,5000
IMG_8383,6000
IMG_8384,7000
IMG_8385,8000
IMG_8386,9000
IMG_8387,10000
IMG_8388,20000
IMG_8389,30000
IMG_8390,40000
IMG_8391,50000
IMG_8392,60000
IMG_8393,70000
IMG_8394,80000
IMG_8395,90000
IMG_8397,100000
IMG_8399,200000
IMG_8400,300000
IMG_8401,400000
IMG_8410,අ
IMG_8411,ආ
IMG_8412,ඇ
IMG_8413,ඈ
IMG_8414,ඉ
IMG_8415,ඊ
IMG_8416,උ
IMG_8417,ඌ
IMG_8418,එ
IMG_8419,ඒ
IMG_8422,ඔ
IMG_8423,ඕ
IMG_8424,ක්
IMG_8425,ග්
IMG_8426,ජ්
IMG_8427,ට්
IMG_8428,ද්
IMG_8429,ණ්
IMG_8430,ත්
IMG_8431,න්
IMG_8432,බ්
IMG_8433,ය්
IMG_8434,ල්
IMG_8435,ඩ්
IMG_8436,ප්
IMG_8437,ම්
IMG_8438,ර්
IMG_8439,ව්
IMG_8440,ස්
IMG_8441,හ්
IMG_8442,ළ්
IMG_8443,ඟ්
IMG_8444,ඳ්
IMG_8446,ඛ්
IMG_8447,හ්
IMG_8448,ං
IMG_8449,ඬ්
IMG_8451,ඹ්
IMG_8452,ඝ්
IMG_8453,ඪ්
IMG_8454,ධ්
IMG_8455,ඵ්
IMG_8456,ඨ්
IMG_8458,ච්
IMG_8459,ය්
IMG_8460,භ්
IMG_8461,ථ්
IMG_8462,ෆ්
IMG_8465,ශ්
IMG_8466,ෂ්
IMG_8468,ඓ
IMG_8470,්‍ර
IMG_8471,ඤ
